"Name","DurationTicks","GradualWearOffAfter","CancelOnDamage","CancelOnCharge","CancelOnChargeEnd","CancelOnHealthRegen","CancelOnSourceDeath","TriggerRate","TriggerOnFirstTick","Stacking","Refreshable","PulsatingActiveTicksOn","PulsatingActiveTicksOff","Damage","DamageHealSource","UltiChargePercent","UltiChargeBoostPercent","AmmoReducePercent","Healing","ShieldPercent","SpeedBoostPercent","SpeedBoostAbsolute","SpeedReducePercent","SpeedReduceAbsolute","DamageBoostPercent","ShowDamageAsCrit","DamageReducePercent","DamageBoostTargetCurrentHealthPercent","DamageReceivedBoostPercent","DamageReceivedBoostAbsolute","DecreaseReloadTimePercent","SourceLifeSteal","Cleanse","DoBlinkClear","CcImmunity","AttackImmunity","Invisibility","ForceShow","LosePlayerControl","FullStun","Taunt","Stasis","Silence","ScaleWithUpgrades","ScaleWithBuffs","IsDebuff","AttackPierceCharacters","AttackThroughWalls","UltiAttackThroughWalls","MoveThroughWalls","MoveThroughWater","ServerOnly","SpawnCharacterOnDeath","SpawnAreaEffectOnDeath","PersistTransformation","BooleanAttributes","HapticsToSource","TimerBar","Traits","Components","ActivateOnRefreshCount"
"string","int","int","boolean","boolean","boolean","boolean","boolean","int","boolean","boolean","boolean","int","int","int","int","int","int","int","int","int","int","int","int","int","int","boolean","int","int","int","int","int","int","boolean","boolean","boolean","boolean","string","boolean","boolean","boolean","boolean","boolean","boolean","boolean","boolean","boolean","boolean","boolean","boolean","boolean","boolean","boolean","string","string","boolean","string","boolean","boolean","string","string","int"
"WhirlwindTrailFire","80","","","","","","","20","","","TRUE","","","300","","30","","","","","","","","","","","","","","","","","","","","","","","","","","","","TRUE","","TRUE","","","","","","","","","","","","","","",""
"WhirlwindUltiTrailFire","80","","","","","","","20","","","TRUE","","","370","","30","","","","","","","","","","","","","","","","","","","","","","","","","","","","TRUE","","TRUE","","","","","","","","","","","","","","",""
"PetrolFire","80","","","","","","","20","","","TRUE","","","480","","100","","","","","","","","","","","","","","","","","","","","","","","","","","","","TRUE","TRUE","TRUE","","","","","","","","","","","","","","",""
"PetrolFireOvercharged","80","","","","","","","20","","","TRUE","","","500","","100","","","","","","","","","","","","","","","","","","","","","","","","","","","","TRUE","TRUE","TRUE","","","","","","","","","","","","","","",""
"RollerFire","80","","","","","","","20","","","TRUE","","","200","","100","","","","","","","","","","","","","","","","","","","","","","","","","","","","TRUE","TRUE","TRUE","","","","","","","","","","","","","","",""
"PuppeteerPoison","40","","","","","","","20","TRUE","TRUE","","","","400","","100","","","","","","","","","","","","","","","","","","","","","","","","","","","","TRUE","TRUE","TRUE","","","","","","","","","","","TRUE","","","",""
"SharpenedAmmoBleed","60","","","","","","","20","","","","","","","","","","","","","","","","","","","","","","","","","","","","","","","","","","","","","","TRUE","","","","","","","","","","","","","","",""
"CollabAssassinBleed","120","","","","","","","20","","","","","","65","","30","","","","","","","","","","","","","","","","","","","","","","","","","","","","TRUE","","TRUE","","","","","","","","","","","","","","",""
"JesterUltiPoison","120","","","","","","","20","TRUE","","TRUE","","","290","","100","","","","","","","","","","","","","","","","","","","","","","","","","","","","TRUE","TRUE","TRUE","","","","","","","","","","","","","","",""
"FleaPetDot","80","","","","","","","20","","TRUE","","","","200","","100","","","","","","","","","","","","","","","","","","","","","","","","","","","","TRUE","TRUE","TRUE","","","","","","","","","","","","","","",""
"FleaPetHot","80","","","","","","","20","","TRUE","","","","","","","","","250","","","","","","","","","","","","","","","","","","","","","","","","","TRUE","TRUE","","","","","","","","","","","","","","","",""
"FleaExtraPetDot","40","","","","","","","20","","TRUE","","","","200","","100","","","","","","","","","","","","","","","","","","","","","","","","","","","","TRUE","TRUE","TRUE","","","","","","","","","","","","","","",""
"SamuraiShield","9999999","","TRUE","","","","","","","","TRUE","","","","","","","","","60","","","","","","","","","","","","","","","","","","","","","","","","","","","","","","","","","","","","","","","","",""
"SamuraiHide","120","","","TRUE","","","","","","","TRUE","","","","","","","","","100","","","100","","","","","","","","","","TRUE","TRUE","TRUE","TRUE","full","","TRUE","","","","","","","","","","","","","","","","","","","","","",""
"SnakeOilDot","40","","","","","","","20","TRUE","TRUE","","","","380","","68","","","","","","","","","","","","","","","","","","","","","","","","","","","","TRUE","TRUE","TRUE","","","","","","","","","","","TRUE","","","",""
"SnakeOilHot","40","","","","","","","20","TRUE","TRUE","","","","","","","","","380","","","","","","","","","","","","","","","","","","","","","","","","","TRUE","TRUE","","","","","","","","","","","","","","","",""
"SnakeOilGadgetDot","40","","","","","","","20","TRUE","TRUE","","","","304","","82","","","","","","","","","","","","","","","","","","","","","","","","","","","","TRUE","TRUE","TRUE","","","","","","","","","","","TRUE","","","",""
"SnakeOilGadgetHot","40","","","","","","","20","TRUE","TRUE","","","","","","","","","228","","","","","","","","","","","","","","","","","","","","","","","","","TRUE","TRUE","","","","","","","","","","","","","","","",""
"CrowPoison","80","","","","","","","20","","","TRUE","","","80","","30","","","","","","","","","","","","","","","","","","","","","","","","","","","","TRUE","TRUE","TRUE","","","","","","","","","","","","","","",""
"CrowCrippleSP","80","","","","","","","","","","","","","","","","","","","","","","","","","","15","","","","","","","","","","","","","","","","","","","TRUE","","","","","","","","","","","","","","",""
"LuchadorFire","80","","","","","","","20","","","TRUE","","","225","","0","","","","","","","","","","","","","","","","","","","","","","","","","","","","TRUE","TRUE","TRUE","","","","","","","","","","","","","","",""
"ShadowMushroomHot","40","","","","","","","20","TRUE","TRUE","","","","","","","","","235","","","","","","","","","","","","","","","","","","","","","","","","","TRUE","TRUE","TRUE","","","","","","","","","","","","","","",""
"ShadowMushroomDot","40","","","","","","","20","TRUE","TRUE","","","","240","","30","","","","","","","","","","","","","","","","","","","","","","","","","","","","TRUE","TRUE","","","","","","","","","","","","","","","",""
"AttacherUltiDot","40","","","","","","","20","","TRUE","","","","125","","30","","","","","","","","","","","","","","","","","","","","","","","","","","","","TRUE","TRUE","TRUE","","","","","","","","","","","","","","",""
"CookerGadgetDot","60","","","","","","","20","TRUE","","TRUE","","","130","","30","","","","","","","","","","","","","","","","","","","","","","","","","","","","TRUE","TRUE","TRUE","","","","","","","","","","","","","","",""
"CookerGadgetHot","60","","","","","","","20","TRUE","","TRUE","","","","","","","","350","","","","","","","","","","","","","","","","","","","","","","","","","TRUE","TRUE","","","","","","","","","","","","","","","",""
"GhostIncorporeal","120","","","","","","","","","TRUE","TRUE","","","","","","","","","","30","","","","","","","","","","","","","","","","","","","","","","","","","","","","","TRUE","TRUE","","","","","","","TRUE","","",""
"GhostShield","120","","","","","","","","","","TRUE","","","","","","","","","30","","","","","","","","","","","","","","","","","","","","","","","","","","","","","","","","","","","","","","","","",""
"GhostDeadCenterReward","20","","","","","","","","","TRUE","","","","","","","","","","","15","","","","","","","","","","","","","","","","","","","","","","","","","","","","","","","","","","","","","","","",""
"GhostSpooked","80","","","","","","","","","","TRUE","","","","","","","","","","","","20","","","","","","","","","","","","","","","","","","","","","","","TRUE","","","","","","","","","","","","","","",""
"MosquitoPoison","80","","","","","","","20","","TRUE","","","","","","","","","","","","","","","","","","","","","","","","","","","","","","","","","","","","TRUE","","","","","","","","","","","","","","",""
"DemonicRitualCooldown","10","","","","","","","20","","","","","","","","","","","","","","","","","","","","","","","","","","","","","","","","","","","","","","","","","","","","","","","","","","","","",""
"AngelicGraceCooldown","20","","","","","","","20","","","","","","","","","","","","","","","","","","","","","","","","","","","","","","","","","","","","","","","","","","","","","","","","","","","","",""
"DemonicMomentum","9999999","","","","","TRUE","","20","","","TRUE","","","","","","","","","","","40","","","","","","","","","","","","","","","","","","","","","","","","","","","","","","","","","","","","","","",""
"SpeedOfAnAngel","9999999","","","","","","","20","","TRUE","TRUE","","","","","","","","","","","100","","","","","","","","","","","","","","","","","","","","","","","","","","","","","","","","","","","","","","",""
"SpeedOfAnAngel002","9999999","","","","","","","20","","TRUE","TRUE","","","","","","","","","","","140","","","","","","","","","","","","","","","","","","","","","","","","","","","","","","","","","","","","","","",""
"LastBreathCooldown","500","","","","","","","20","","","","","","","","","","","","","","","","","","","","","","","","","","","","","","","","","","","","","","","","","","","","","","","TRUE","","","","","",""
"LastBreath","30","","","","","","","10","","","","","","","","","","","","100","","","","","","","","","","","","","","","","","","","","","","","","","","","","","","","","","","","TRUE","","","","","",""
"AngelicWrathCooldown","50","","","","","","","20","","","","","","","","","","","","","","","","","","","","","","","","","","","","","","","","","","","","","","","","","","","","","","","","","","","","",""
"DemonicfireCooldown","10","","","","","","","10","","","","","","","","","","","","","","","","","","","","","","","","","","","","","","","","","","","","","","","","","","","","","","","","","","","","",""
"InvokDemonicPetAfterDying","9999999","","","","","","","20","","","","","","","","","","","","","","","","","","","","","","","","","","","","","","","","","","","","","","","","","","","","","DemonicPet","","","","","","","",""
"InvokeAngelicBigPetAfterDying","9999999","","","","","","","20","","","","","","","","","","","","","","","","","","","","","","","","","","","","","","","","","","","","","","","","","","","","","","","","","","","","",""
"VoodooGadgetSpeedUp","60","","","","","","","","","","","","","","","","","","","","40","","","","","","","","","","","","","","","","","","","","","","","","","","","","","","","","","","","","","","","",""
"VoodooGadgetShield","60","","","","","","","","","","","","","","","","","","","30","","","","","","","","","","","","","","","","","","","","","","","","","","","","","","","","","","","","","","","","",""
"SilencerUltiOvercharged","30","","","","","","","","","","","","","","","","","","","","","","","","","","","","","","","","","","","","","","TRUE","TRUE","","","","","","TRUE","","","","","","","","","","","","","","",""
"BarrelbotShield","18","","","","","","","","","","","","","","","","","","","50","","","","","","","","","","","","","","","","","","","","","","","","","","","","","","","","","","","","","","","","",""
"BarrelbotAfterChargeShield","40","","","","","","","","","","","","","","","","","","","25","","","","","","","","","","","","","","","","","","","","","","","","","","","","","","","","","","","","","","","","",""
"DemonicMomentum002","9999999","","","","","TRUE","","20","","","TRUE","","","","","","","","","","","110","","","","","","","","","","","","","","","","","","","","","","","","","","","","","","","","","","","","","","",""
"DemonicMomentum003","9999999","","","","","TRUE","","20","","","TRUE","","","","","","","","","","","180","","","","","","","","","","","","","","","","","","","","","","","","","","","","","","","","","","","","","","",""
"DemonicMomentum004","9999999","","","","","TRUE","","20","","","TRUE","","","","","","","","","","","250","","","","","","","","","","","","","","","","","","","","","","","","","","","","","","","","","","","","","","",""
"DemonicMomentumCooldown","15","","","","","","","","","","","","","","","","","","","","","","","","","","","","","","","","","","","","","","","","","","","","","","","","","","","","","","","","","","","",""
"DemonicRevengeCooldown","30","","","","","","","","","","","","","","","","","","","","","","","","","","","","","","","","","","","","","","","","","","","","","","","","","","","TRUE","","","","","","","","",""
"DemonicSoulCollectorCooldown","40","","","","","","","","","","","","","","","","","","","","","","","","","","","","","","","","","","","","","","","","","","","","","","","","","","","TRUE","","","","","","","","",""
"SpeedOfAnAngel003","9999999","","","","","","","20","","TRUE","TRUE","","","","","","","","","","","180","","","","","","","","","","","","","","","","","","","","","","","","","","","","","","","","","","","","","","",""
"SpeedOfAnAngel004","9999999","","","","","","","20","","TRUE","TRUE","","","","","","","","","","","200","","","","","","","","","","","","","","","","","","","","","","","","","","","","","","","","","","","","","","",""
"SpeedOfAnAngel005","9999999","","","","","","","20","","TRUE","TRUE","","","","","","","","","","","220","","","","","","","","","","","","","","","","","","","","","","","","","","","","","","","","","","","","","","",""
"LightyearFire","80","","","","","","","20","","","TRUE","","","80","","30","","","","","","","","","","","","","","","","","","","","","","","","","","","","TRUE","TRUE","TRUE","","","","","","","","","","","","","","",""
"SkaterUltiTaunt","50","","","","","","TRUE","","TRUE","","TRUE","","","800","","100","","","","","","","","","","","","","","","","","","","","","","","","","TRUE","","","TRUE","TRUE","TRUE","","","","","","","","","","","","","","",""
"SkaterUltiHCTaunt","50","","","","","","TRUE","","TRUE","","TRUE","","","840","","100","","","","","","","","","","","","","","","","","","","","","","","","","TRUE","","","TRUE","TRUE","TRUE","","","","","","","","","","","","","","",""
"SkaterUltiAmmoReductionSelf","30","","","","","","","","TRUE","","","","","","","","","50","","","","","","","","","","","","","","","","","","","","","","","","","","","","TRUE","","","","","","","","","","","","","","",""
"SkaterGadgetJumpTaunt","20","","","","","","TRUE","","TRUE","","TRUE","","","","","","","","","","","","","","","","","","","","","","","","","","","","","","TRUE","","","","","TRUE","","","","","","","","","","","","","","",""
"SkaterGadgetProjectileTaunt","20","","","","","","TRUE","","TRUE","","TRUE","","","","","","","","","","","","","","","","","","","","","","","","","","","","","","TRUE","","","","","TRUE","","","","","","","","","","","","","","",""
"MeepleSuperArea","10","","","","","","","","","","TRUE","","","","","","","","","","","","","","","","","","","","","","","","","","","","","","","","","","","","TRUE","TRUE","TRUE","","","","","","","","","","","",""
"Invulnerable","9999999","","","","","","","10","","","","","","","","","","","","100","","","","","","","","","","","","","","","","","","","","","","","","","","","","","","","","","","","","","","","","",""
"ArenaBuff","1300","","","","","","","20","","","","","","","","","","","","30","","80","","","","","","","","","","","","","","","","","","","","","","","","","","","","","","","","","TRUE","","","","","",""
"MorningstarSuperRoot","20","","","","","","","","","","TRUE","","","","","","","","","","","","100","","","","","","","","","","","","","","","","","","","","","","","TRUE","","","","","","","","","","","","","","",""
"MorningstarRecallSlow","20","","","","","","","","","","TRUE","","","","","","","","","","","","30","","","","","","","","","","","","","","","","","","","","","","","TRUE","","","","","","","","","","","","","","",""
"GusOverchargedHealingProjectile","10","","","","","","","20","TRUE","TRUE","","","","","","","","","340","","","","","","","","","","","","","","","","","","","","","","","","","TRUE","TRUE","","","","","","","","","","","","","","","",""
"ChronomancerTimebendSpeedReduce","2","","","","","","","","TRUE","","TRUE","","","","","","","","","","","","70","","","","","","","","","","","","","","","","","","","","","","","TRUE","","","","","","","","","","","","","","",""
"ChronomancerTimebendSpeedBoost","100","","","","","","","","TRUE","","TRUE","","","","","","","","","","30","","","","","","","","","","","","","","","","","","","","","","","","","","","","","","","","","","","","","","","",""
"ChronomancerTimebendBoostSelf","100","","","","","","","","TRUE","","TRUE","","","","","","","","","","30","","","","25","","","","","","","","","","","","","","","","","","","","","","","","","","","","","","","","","","","",""
"ChronomancerGadgetProjectileStasis","40","","","","","","","","TRUE","","TRUE","","","","","","","","","","","","","","","","","","","","","","","","","","","","","","","TRUE","","","","TRUE","","","","","","","","","","","","","","",""
"CleanseInfiniteNoVFX","9999999","","","","","","","","","","TRUE","","","","","","","","","","","","","","","","","","","","","","TRUE","","","","","","","","","","","","","","","","","","","","","","","","","","","",""
"AlternatorProjectileHeal","2","","","","","","","","TRUE","","","","","","","","","","650","","","","","","","","","","","","","","","","","","","","","","","","","TRUE","TRUE","","","","","","","","","","","","TRUE","","","",""
"AlternatorHealAura","2","","","","","","","","TRUE","","","","","","","","","","750","","","","","","","","","","","","","","","","","","","","","","","","","TRUE","TRUE","","","","","","","","","","","","TRUE","","","",""
"AlternatorSpeedAura","40","","","","","","","","","","TRUE","","","","","","","","","","30","","","","","","","","","","","","","","","","","","","","","","","","TRUE","","","","","","","","","","","","","","","",""
"AlternatorDamageAura","2","","","","","","","","TRUE","","","","","650","","100","","","","","","","","","","","","","","","","","","","","","","","","","","","","TRUE","TRUE","","","","","","","","","","","","TRUE","","","",""
"AlternatorSlowAura","40","","","","","","","","","","TRUE","","","","","","","","","","","","30","","","","","","","","","","","","","","","","","","","","","","TRUE","TRUE","","","","","","","","","","","","","","",""
"AlternatorProjectileSpeedTrail","15","","","","","","","","","","TRUE","","","","","","","","","","20","","","","","","","","","","","","","","","","","","","","","","","","","","","","","","","","","","","","","","","",""
"AlternatorProjectileSlowTrail","25","","","","","","","","","","TRUE","","","","","","","","","","","","30","","","","","","","","","","","","","","","","","","","","","","","TRUE","","","","","","","","","","","","","","",""
"AlternatorHealAuraOvercharged","2","","","","","","","","TRUE","","","","","","","","","","1000","","","","","","","","","","","","","","","","","","","","","","","","","TRUE","TRUE","","","","","","","","","","","","TRUE","","","",""
"AlternatorSpeedAuraOvercharged","40","","","","","","","","","","TRUE","","","","","","","","","","40","","","","","","","","","","","","","","","","","","","","","","","","TRUE","","","","","","","","","","","","","","","",""
"GeishaStormDebuff","2","","","","","","","","","","TRUE","","","","","","","","","","","","","","","","","","","","","","","","","","","","","","","","","","","","","","","","","","","","","HasStormVision","","","","",""
"GeishaTransformedUltiDamageMark","50","","","","","","","50","","TRUE","","","","1360","","100","","","","","","","","","","","","","","","","","","","","","","","","","","","","TRUE","TRUE","TRUE","","","","","","","","","TRUE","","TRUE","","","",""
"GeishaTransformedUltiDamageMarkSp","50","","","","","","","50","","TRUE","","","","1360","","100","","","","","","","","","","","","","","","","","","","","","","","","","","","","TRUE","TRUE","TRUE","","","","","","","","GeishaTransformedMarkExplosionSP","TRUE","","TRUE","","","",""
"GeishaTransformedUltiDamageMarkOvercharged","50","","","","","","","50","","TRUE","","","","1360","","100","","","","","","","","","","","","","","","","","","","","","","","","","","","","TRUE","TRUE","TRUE","","","","","","","","GeishaTransformedMarkDamagedOvercharged","TRUE","InstantTriggerIfKills","TRUE","","","",""
"GeishaTransformedUltiDamageMarkSpOvercharged","50","","","","","","","50","","TRUE","","","","1360","","100","","","","","","","","","","","","","","","","","","","","","","","","","","","","TRUE","TRUE","TRUE","","","","","","","","GeishaTransformedMarkExplosionSPOvercharged","TRUE","InstantTriggerIfKills","TRUE","","","",""
"GeishaTransformSpeedBoost","50","","","","","","","","","","TRUE","","","","","","","","","","30","","","","","","","","","","","","","","","","","","","","","","","","","","","","","","","","","","","","","","","",""
"GeishaTransformInvisibility","30","","TRUE","","","","","","","","TRUE","","","","","","","","","","","","","","","","","","","","","","","","","","normal","","","","","","","","","","","","","","","","","","","CancelOnAttack","","","","",""
"GeishaWeakSpotSlowdown","50","","","","","","","","","","TRUE","","","","","","","","","","","","30","","","","","","","","","","","","","","","","","","","","","","","TRUE","","","","","","","","","","","","","","",""
"SkaterMutantTaunt","60","","","","","","TRUE","","TRUE","","TRUE","","","","","","","","","","","","","","","","","","","","","","","","","","","","","","TRUE","","","","","TRUE","","","","","","","","","","","","","","",""
"TriggerProjectileOnHittingCooldown","10","","","","","","","","","","","","","","","","","","","","","","","","","","","","","","","","","","","","","","","","","","","","","","","","","","","","","","","","","","","",""
"MegaBossVulnerableGen","9999999","","","","","","","","","","","","","","","","","","","","","","","","","","","","100","","","","","","","","","","","","","","","","","","","","","","","","","","","","","","","",""
"ForceShow","10","","","","","","","","","","","","","","","","","","","","","","","","","","","","","","","","","","","","","TRUE","","","","","","","","","","","","","","","","","","","","","","",""
"MutantRosaForceShow","999999","","","","","","","","","","","","","","","","","","","","","","","","","","","","","","","","","","","","","TRUE","","","","","","","","","","","","","","","","","","","","","","",""
"MutantGhostIncorporeal","20","","","","","","","","","TRUE","TRUE","","","","","","","","","","30","","","","","","","","","","","","","","","","","","","","","","","","","","","","","TRUE","TRUE","","","","","","","TRUE","","",""
"SafeInvulnerability","60","","","","","","","","TRUE","","","","","","","","","","","100","","","","","","","","","","","","","","","","","","","","","","","","","","","","","","","","","","","","","","TRUE","","",""
"Debug","20","","","","","","","","TRUE","","TRUE","","","","","","","","","","","","60","","","","","","","","","","","","","","","","","","","","","","","TRUE","","","","","","","","","","AdditiveDurationTicksOnRefresh","","","","",""
"GusOverchargedDmgProjectile","10","","","","","","","20","TRUE","TRUE","","","","900","","20","","","","","","","","","","","","","","","","","","","","","","","","","","","","TRUE","TRUE","TRUE","","","","","","","","","","","","","","",""
"SpeedWhenUsingUltiAngels","60","","","","","","","20","","TRUE","TRUE","","","","","","","","","","20","","","","","","","","","","","","","","","","","","","","","","","","","","","","","","","","","","","","","","","",""
"SpeedBoostOnKillDemons","60","","","","","","","10","","","TRUE","","","","","","","","","","20","","","","","","","","","","","","","","","","","","","","","","","","","","","","","","","","","","","","","","","",""
"ShootProjectileOnBasicAttackCooldown","10","","","","","","","","","","","","","","","","","","","","","","","","","","","","","","","","","","","","","","","","","","","","","","","","","","","","","","","","","","","",""
"DemonicStatusEffectForProjectiles","80","","","","","","","20","","","TRUE","","","100","","0","","","","","","","","","","","","","","","","","","","","","","","","","","","","TRUE","TRUE","TRUE","","","","","","","","","","","","","","",""
"CannonGirlOverchargedStun","20","","","","","","","","","","TRUE","","","","","","","","","","","","","","","","","","","","","","","","","","","","TRUE","TRUE","","","","","","TRUE","","","","","","","","","","","","","","",""
"DomainOnAreaBuff","2","","","","","","","","","","TRUE","","","","","","","","","","25","","","","30","","","","","","","","","","","","","","","","","","","","","","","","","","","","","","","","","","","",""
"DomainDamageReduceSP","2","","","","","","","","","","TRUE","","","","","","","","","","","","","","","","15","","","","","","","","","","","","","","","","","","","TRUE","","","","","","","","","","","","","","",""
"DomainForceShowSP","2","","","","","","","","","","TRUE","","","","","","","","","","","","","","","","","","","","","","","","","","","TRUE","","","","","","","","TRUE","","","","","","TRUE","","","","","","","","",""
"DomainInverseDamageGadget","40","","TRUE","","","","","","","","","","","","","","","","","","","","","","","","","","","","","","","","","","","","","","","","","","","","","","","","","","","","","ReceiveDamageInversion","","","","",""
"DomainOverchargedUltiDamage","20","","","","","","","1","","","TRUE","","","150","","30","","","","","","","","","","","","","","","","","","","","","","","","","","","","TRUE","TRUE","TRUE","","","","","","","","","","","TRUE","","","",""
"AngelicHot","40","","","","","","","20","TRUE","TRUE","","","","","","","","","250","","","","","","","","","","","","","","","","","","","","","","","","","TRUE","TRUE","","","","","","","","","","","","","","","",""
"IceDudeHypothermia","750","","","","","","","","","","TRUE","","","","","","","","","","","","","","","","50","","","","","","","","","","","","","","","","","","","TRUE","","","","","","TRUE","","","","PartialStunBasedDamageReduce","","","","",""
"DuplicatorPetTooCloseCripple","2","","","","","","","","","","TRUE","","","","","","","","","","","","","","","","50","","","","","","","","","","","","","","","","","","","TRUE","","","","","","","","","","","","","","",""
"StalkerUltiInvisible","140","","","","","","","","","","TRUE","40","10","","","","","","","","","","","","","","","","","","","","","","","","attacks_dont_reveal","","","","","","","","","","","","","","","","","","","","","TRUE","","",""
"StalkerUltiDamageTargetCurrentHpBoost","999999","","","","TRUE","","","","","","TRUE","","","","","","","","","","","","","","","","","25","","","","","","","","","","","","","","","","","","","","","","","","","","","","","","","","",""
"ElectroSniperCurse","99999","","","","","","","","","TRUE","TRUE","","","","","","","","","","","","","","","","","","35","","","","","","","","","","","","","","","","","TRUE","","","","","","","","","","RemoveOtherInstances","","","","",""
"DragonRaiderMark","100","","","","","","","","","TRUE","TRUE","","","","","","","","","","","","","","","","","","35","","","","","","","","","","","","","","","","","TRUE","","","","","","","","","","","","","","",""
"SplitterTag","100","","TRUE","","","","","","","TRUE","","","","","","","","","","","","","","","","","","","","700","","","","","","","","","","","","","","TRUE","","TRUE","","","","","","","","","","NotForObjects","","","","",""
"BullGadgetStun","10","","","","","","","","","TRUE","TRUE","","","","","","","","","","","","","","","","","","","","","","","","","","","","TRUE","TRUE","","","","","","","","","","","","","","","","","","","","",""
"DodgeballDeathStun","60","","","","","","","","","","","","","","","","","","","100","","","","","","","","","","","","","","","","","","","TRUE","TRUE","","","","","","TRUE","","","","","","","","","","IgnoreCCImmunity;IsDodgeballDeathStun","","","","",""
"SS_JetpackSlow","40","","","","","","","","","","TRUE","","","","","","","","","","","","30","","","","","","","","","","","","","","","","","","","","","","","TRUE","","","","","","","","","","","","","","",""
"TrailRunSpeedBoostOnKill","60","20","","","","","","","","TRUE","","","","","","","","","","","","800","","","","","","","","","","","","","","","","","","","","","","","","","","","","","","","","","","","","","","",""
"TrailRunRubberBandSpeedBoost1","60","20","","","","","","","","TRUE","","","","","","","","","","","","200","","","","","","","","","","","","","","","","","","","","","","","","","","","","","","","","","","","","","","",""
"TrailRunRubberBandSpeedBoost2","70","30","","","","","","","","TRUE","","","","","","","","","","","","300","","","","","","","","","","","","","","","","","","","","","","","","","","","","","","","","","","","","","","",""
"TrailRunRubberBandSpeedBoost3","80","40","","","","","","","","TRUE","","","","","","","","","","","","400","","","","","","","","","","","","","","","","","","","","","","","","","","","","","","","","","","","","","","",""
"FurySlowdown","20","","","","","","","","","","TRUE","","","","","","","","","","","","20","","","","","","","","","","","","","","","","","","","","","","","TRUE","","","","","","","","","","","","","","",""
"StickyBombUltiSlow","80","","","","","","","","","","TRUE","","","","","","","","","","","","","350","","","","","","","","","","","","","","","","","","","","","","TRUE","","","","","","","","","","","","","","",""
"MaisieUltiSlow","40","","","","","","","","","","TRUE","","","","","","","","","","","","","350","","","","","","","","","","","","","","","","","","","","","","TRUE","","","","","","","","","","","","","","",""
"SignalStrikeReload","30","","","","","","","","TRUE","","","","","","","","","-33","","","","","","","","","","","","","","","","","","","","","","","","","","","","TRUE","","","","","","","","","","","","","","",""
"MegaCrowPoison","60","","","","","","","15","","","TRUE","","","50","","30","","","","","","","","","","","","","","","","","","","","","","","","","","","","TRUE","TRUE","TRUE","","","","","","","","","","","","","","",""
"MegaCrowPoisonStrong","144","","","","","","","12","","","TRUE","","","120","","30","","","","","","","","","","","","","","","","","","","","","","","","","","","","TRUE","TRUE","TRUE","","","","","","","","","","","","","","",""
"DancerRootSp","30","","","","","","","","","","TRUE","","","","","","","","","","","","100","","","","","","","","","","","","","","","","","","","","","","","TRUE","","","","","","","","","","","","","","",""
"MeepleOverchargedPassWall","10","","","","","","","","","","TRUE","","","","","","","","","","","","","","","","","","","","","","","","","","","","","","","","","","","","","","","TRUE","TRUE","","","","","","","","","",""
"MegaBossSplitterTag","75","","TRUE","","","","","","","TRUE","","","","","","","","","","","","","","","","","","","","300","","","","","","","","","","","","","","TRUE","","TRUE","","","","","","","","","","NotForObjects","","","","",""
"TrailRunRubberBandSpeedBoost4","90","50","","","","","","","","TRUE","","","","","","","","","","","","500","","","","","","","","","","","","","","","","","","","","","","","","","","","","","","","","","","","","","","",""
"TrailRunRubberBandSpeedBoost5","100","60","","","","","","","","TRUE","","","","","","","","","","","","600","","","","","","","","","","","","","","","","","","","","","","","","","","","","","","","","","","","","","","",""
"TrailRunRubberBandSpeedBoost6","110","70","","","","","","","","TRUE","","","","","","","","","","","","700","","","","","","","","","","","","","","","","","","","","","","","","","","","","","","","","","","","","","","",""
"TrailRunRubberBandSpeedBoost7","120","80","","","","","","","","TRUE","","","","","","","","","","","","800","","","","","","","","","","","","","","","","","","","","","","","","","","","","","","","","","","","","","","",""
"ActorPlaceholderRoot","25","","","","","","","","","","TRUE","","","","","","","","","","","","100","","","","","","","","","","","","","","","","","","","","","","","TRUE","","","","","","","","","","","","","","",""
"BulletstormUltiMark","7","","","","","","","","","","TRUE","","","","","","","","","","","","","","","","","","","","","","","","","","","","","","","","","","","","","","","","","","","","","","","","","",""
"BulletstormUltiOverchargedMark","7","","","","","","","","","","TRUE","","","","","","","","","","","","","","","","","","","","","","","","","","","","","","","","","","","","","","","","","","","","","","","","","",""
"BulletstormLastShotSlow","20","","","","","","","","","","TRUE","","","","","","","","","","","","30","","","","","","","","","","","","","","","","","","","","","","","TRUE","","","","","","","","","","","","","","",""
"BulletstormShellPickupSpeedUp","20","","","","","","","","","","TRUE","","","","","","","","","","15","","","","","","","","","","","","","","","","","","","","","","","","","","","","","","","","","","","","","","","",""
"MarksmanHitPoison_S","40","","","","","","","20","","","TRUE","","","50","","","","","","","","","","","","","","","","","","","","","","","","","","","","","","TRUE","TRUE","TRUE","","","","","","","","","","","","","","",""
"MarksmanHitPoison_E","60","","","","","","","20","","","TRUE","","","100","","","","","","","","","","","","","","","","","","","","","","","","","","","","","","TRUE","TRUE","TRUE","","","","","","","","","","","","","","",""
"MarksmanHitPoison_L","80","","","","","","","20","","","TRUE","","","150","","","","","","","","","","","","","","","","","","","","","","","","","","","","","","TRUE","TRUE","TRUE","","","","","","","","","","","","","","",""
"MarksmanHitSlowdown","20","","","","","","","","","","TRUE","","","","","","","","","","","","","160","","","","","","","","","","","","","","","","","","","","","","TRUE","","","","","","","","","","","","","","",""
"DaredevilWeaponSpeedup","3","","","","","","","","","TRUE","TRUE","","","","","","","","","","30","","","","","","","","","","","","","","","","","","","","","","","","","","","","","","","","","","","","","","","",""
"DaredevilSpUltiChargeRate","999999","","TRUE","","","","","","","","TRUE","","","","","","30","","","","","","","","","","","","","","","","","","","","","","","","","","","","","","","","","","","","","","","","","","","",""
"RogueHitBurn_S","20","","","","","","","20","","","TRUE","","","150","","","","","","","","","","","","","","","","","","","","","","","","","","","","","","TRUE","TRUE","TRUE","","","","","","","","","","","","","","",""
"RogueHitBurn_E","40","","","","","","","20","","","TRUE","","","250","","","","","","","","","","","","","","","","","","","","","","","","","","","","","","TRUE","TRUE","TRUE","","","","","","","","","","","","","","",""
"RogueHitBurn_L","60","","","","","","","20","","","TRUE","","","250","","","","","","","","","","","","","","","","","","","","","","","","","","","","","","TRUE","TRUE","TRUE","","","","","","","","","","","","","","",""
"RogueHitBurnHold_S","20","","","","","","","20","","","TRUE","","","100","","","","","","","","","","","","","","","","","","","","","","","","","","","","","","TRUE","TRUE","TRUE","","","","","","","","","","","","","","",""
"RogueHitBurnHold_E","40","","","","","","","20","","","TRUE","","","125","","","","","","","","","","","","","","","","","","","","","","","","","","","","","","TRUE","TRUE","TRUE","","","","","","","","","","","","","","",""
"RogueHitBurnHold_L","40","","","","","","","20","","","TRUE","","","250","","","","","","","","","","","","","","","","","","","","","","","","","","","","","","TRUE","TRUE","TRUE","","","","","","","","","","","","","","",""
"PlaceholderParryStatusEffect","10000","","","","","","","","","","","","","","","","","","","","","","","","","","","","","","","","","","","","","","","","","","","","","","","","","","","","","","","IsParry","","","","",""
"OneHPInvulnerability","20","","","","","","","","TRUE","","","","","","","","","","","100","","","","","","","","","","","","","","","","","","","","","","","","","","","","","","","","","","","","","","TRUE","","",""
"VecnaStunSmash","40","","","","","","","","","TRUE","","","","","","","","","","","","","","","","","","","","","","","","","","","","","TRUE","TRUE","","","","","","","","","","","","","","","","","","","","",""
"ColtOverchargedProjectileBuff","10","","","","","","","5","","TRUE","","","","","","","","","","","","","","","","","","","5","","","","","","","","","","","","","","","","","","","","","","","","","","","","","","ColtOverchargedProjectileBuff;ColtOverchargedProjectileBuff2","",""
"BrawlBallDeathStun","100","","","","","","","","","","","","","","","","","","","100","","","","","","","","","","","","","","","","","","","TRUE","TRUE","","","","","","TRUE","","","","","","","","","","IgnoreCCImmunity;IsDodgeballDeathStun","","","","",""
"EmzOverchargedPoison","80","","","","","","","20","","","TRUE","","","200","","30","","","","","","","","","","","","","","","","","","","","","","","","","","","","TRUE","TRUE","TRUE","","","","","","","","","","","","","","",""
"MenderWeaponEnemyTether","30","","","","","","","","","TRUE","","","","","","","","","","","","","","","","","","","","","","","","","","","","","","","","","","","","TRUE","","","","","","","","","","","","","","",""
"MenderWeaponAllyTether","30","","","","","","","","","TRUE","","","","","","","","","","","","","","","","","","","","","","","","","","","","","","","","","","","","","","","","","","","","","","","","","","",""
"MenderGadgetHeal","2","","","","","","","","TRUE","","","","","","","","","","1250","","","","","","","","","","","","","","","","","","","","","","","","","TRUE","TRUE","","","","","","","","","","","","TRUE","","","",""
"MenderStarPowerAllyDamageBuff","2","","","","","","","","TRUE","","TRUE","","","","","","","","","","","","","","20","","","","","","","","","","","","","","","","","","","","","","","","","","","","","","","","","","","",""
"MenderStarPowerEnemyDamageDebuff","2","","","","","","","","TRUE","","TRUE","","","","","","","","","","","","","","","","20","","","","","","","","","","","","","","","","","","","TRUE","","","","","","","","","","","","","","",""
"MenderUltiFear","40","","","","","","","","TRUE","","TRUE","","","","","","","","","","","","","","","","","","","","","","","","","","","","","","","","","","","TRUE","","","","","","","","","","Fear","","","","",""
"MenderUltiSlow","40","","","","","","","","TRUE","","TRUE","","","","","","","","","","","","40","","","","","","","","","","","","","","","","","","","","","","","TRUE","","","","","","","","","","","","","","",""
"MenderUltiOverchargedDamageReceiveBoost","40","","","","","","","","TRUE","","TRUE","","","","","","","","","","","","","","","","","","25","","","","","","","","","","","","","","","","","TRUE","","","","","","","","","","","","","","",""
"ColtSpeedBuddySp","10","","","","","","","10","TRUE","","TRUE","","","","","","","","","","20","","","","","","","","","","","","","","","","","","","","","","","","","","","","","","","","","","","","","","","",""
"EmzBuddySp2","10","","","","","","","20","","","","","","","","","","","","100","","","","","","","","","","","","","","","","","","","","","","","","","","","","","","","","","","","","","","","","",""
"FrankBuddySp1","60","","","","","","","20","TRUE","TRUE","","","","","","","","","560","","","","","","","","","","","","","","","","","","","","","","","","","TRUE","TRUE","","","","","","","","","","","","","","","",""
"EmzBuddySp1","80","","","","","","","","","","","","","","","","","","","","","","","","","","15","","","","","","","","","","","","","","","","","","","TRUE","","","","","","","","","","NotForObjects","","","","",""
"MortisBuddySp2","10","","","","","","","5","","","TRUE","","","","","","","","","40","","","","","","","","","","","","","","","","","","","","","","","","","","","","","","","","","","","","","","","","",""
"CactusPoppingBuddy","20","","","","","","","","","","TRUE","","","","","","","","","","","","","","","","","","","","","","","","","","","","","","","","","","","TRUE","","","","","","","","","","TriggerChainEffectOnRefreshLimitReached","","","","","1"
"ShotgunGirlClayPigeonsBuddyProjectileStatusEffect","10","","","","","","","","TRUE","","TRUE","","","","","","","","","","","","30","","","","","","","","","","","","","","","","","","","","","","","TRUE","","","","","","","","","","AdditiveDurationTicksOnRefresh","","","","",""
"GunslingerDoubleShotProjectileStatusEffect","10","","","","","","","","","TRUE","TRUE","","","","","","","","","","","","30","","","","","","","","","","","","","","","","","","","","","","","","","","","","","","","","","","","","","",""
"HammerDudeGadgetSkillNoiseCancelStatusEffect","70","","","","","","","","","","","","","","","","","","","","","","","","","","","","","","","","","","TRUE","","","","","","","","","","","","","","","","","","","","","","","","","",""
"HammerDudeGadgetSkillAttractionStatusEffectBuddy","40","","","","","","","","TRUE","","TRUE","","","","","","","","","","","","70","","","","","","","","","","","","","","","","","","","","","","","TRUE","","","","","","","","","","","","","","",""
"ShotgunGirlGadgetSkillImmunityShieldBuddy","8","","","","","","","","TRUE","","","","","","","","","","","100","","","","","","","","","","","","","","","","","","","","","","","","","","","","","","","","","","","","","","","","",""
"ShelllyBuddySp2","60","","","","","","","","","TRUE","","","","","","","","","","","15","","","","","","","","","","","","","","","","","","","","","","","","","","","","","","","","","","","","","","","",""
"MegaBossGhostIncorporeal","999999","","","","","","","","","TRUE","TRUE","","","","","","","","","","30","","","","","","","","","","","","","","","","","","","","","","","","","","","","","TRUE","TRUE","","","","","","","TRUE","","",""
"BombHeistSafeDamageImmunity","999999","","","","","","","","TRUE","","","","","","","","","","","100","","","","","","","","","","","","","","","","","","","","","","","","","","","","","","","","","","","","","","","","",""
"SwarmNoEffectWaitTime5Seconds","60","","","","","","","","","TRUE","","","","","","","","","","","","","","","","","","","","","","","","","","","","","","","","","","","","","","","","","","","","","","","","","","",""
"SwarmNoEffectWaitTime3Seconds","30","","","","","","","","","TRUE","","","","","","","","","","","","","","","","","","","","","","","","","","","","","","","","","","","","","","","","","","","","","","","","","","",""
"FrankBuddyShield","2","","","","","","","","","TRUE","TRUE","","","","","","","","","10","","","","","","","","","","","","","","","","","","","","","","","","","","","","","","","","","","","","","","","","",""
"MummyGadgetSkillAcidSprayStatusEffectBuddy","60","","","","","","","","TRUE","","TRUE","","","","","","","","","","","","30","","","","","","","","","","","","","","","","","","","","","","","TRUE","","","","","","","","","","NotForObjects","","","","",""
"CactusPoppingBuddyStatusEffect","20","","","","","","","","","","","","","","","","","","","","","","100","","","","","","","","","","","","","","","","","","","","","","","TRUE","","","","","","","","","","","","","","",""
"MegaBossMosquitoPoison","40","","","","","","","20","","TRUE","","","","150","","","","","","","","","","","","","","","","","","","","","","","","","","","","","","","","TRUE","","","","","","","","","","","","","","",""
"MortisGadgetSkillBatsStatusEffect","130","","","","","","","","","","","","","","","","","","","100","","","100","","","","","","","","","","TRUE","TRUE","TRUE","TRUE","full","","TRUE","","","","","","","","","","","","","","","","","CancelOnBlinkAndForceTileCenter","","","","",""
"MortisGadgetSkillBatsStatusEffectBuddy","130","","","","","","","","","","","","","","","","","","","100","","","100","","","","","","","","","","TRUE","TRUE","TRUE","TRUE","full","","TRUE","","","","","","","","","","","","","","","","","CancelOnBlinkAndForceTileCenter","","","","",""
"MummyGadgetSkillAcidSprayStatusEffect","2","","","","","","","","TRUE","","TRUE","","","","","","","","","","","","","","","","","","","","","","","","","","","","","","","","","","","TRUE","","","","","","","","","","","","","","",""
"SpeederSpeedBoost","2","","","","","","","","TRUE","","TRUE","","","","","","","","","","","800","","","","","","","","","","","","","","","","","","","","","","","","","","","","","","","","","","","","","","",""
"ShadowdemonCloneBulletSlow","40","","","","","","","","","TRUE","TRUE","","","","","","","","","","","","20","","","","","","","","","","","","","","","","","","","","","","","TRUE","","","","","","","","","","NotForObjects","","","","",""
"ShadowdemonSPMinionSpeed","9999999","","","","","","","","","TRUE","","","","","","","","","","","15","","","","","","","","","","","","","","","","","","","","","","","","","","","","","","","","","","","","","","","",""
"BoxSpeedBoost","9999999","","","","","","","","","TRUE","","","","","","","","","","","10","","","","","","","","","","","","","","","","","","","","","","","","","","","","","","","","","","","","","","","",""
"BoxShield","9999999","","","","","","","","","TRUE","TRUE","","","","","","","","","10","","","","","","","","","","","","","","","","","","","","","","","","","","","","","","","","","","","","","","","","",""
"ShamanSp2AmmoReloadBoost","60","","","","","","","","TRUE","","TRUE","","","","","","","","","","","","","","","","","","","","25","","","","","","","","","","","","","","","","","","","","","","","","","","","","","",""
"BaseballGadgetSkillHealStatusEffect","110","","","","","","","20","TRUE","","","","","","","","","","300","","","","","","","","","","","","","","","","","","","","","","","","","TRUE","TRUE","","","","","","","","","","","","","","","",""
"BaseballDamageAreaSlowStatusEffect","40","","","","","","","5","","","TRUE","","","","","","","","","","","","20","","","","","","","","","","","","","","","","","","","","","","","TRUE","","","","","","","","","","","","","","",""
"BaseballDamageAreaBuddySlowStatusEffect","40","","","","","","","5","","","TRUE","","","","","","","","","","","","","","","","","","","","","","","","","","","","","","","","","","","TRUE","","","","","","","","","","","","","","",""
"CrowBuddySp1","2","","","","","","","","","TRUE","","","","","","","","","","","","","","","5","","","","","","","","","","","","","","","","","","","","","","","","","","","","","","","","","","","",""
"BullGadget1","100","","","","","","","","","","","","","","","","","","","","","","","","","","","","","","","50","","","","","","","","","","","","","","","","","","","","","","","","","","","","",""
"BoxDamageBuff","9999999","","","","","","","","","TRUE","","","","","","","","","","","","","","","15","","","","","","","","","","","","","","","","","","","","","","","","","","","","","","","","","","","",""
"BoxHealthBuff","9999999","","","","","","","","","TRUE","","","","","","","","","","","","","","","","","","","","","","","","","","","","","","","","","","","","","","","","","","","","","","","","","","",""
"RedirecterProjectilePoison","40","","","","","","","20","","TRUE","","","","350","","50","","","","","","","","","","","","","","","","","","","","","","","","","","","","TRUE","TRUE","TRUE","","","","","","","","","TRUE","","","","","",""
"RedirecterStarPowerCurrentHPPoison","40","","","","","","","20","","TRUE","","","","100","","50","","","","","","","","","","","","","","","","","","","","","","","","","","","","TRUE","TRUE","TRUE","","","","","","","","","TRUE","MultiplyByTargetCurrentHealthPercent","","","","",""
"RedirecterUltiPoison","40","","","","","","","20","TRUE","TRUE","","","","250","","50","","","","","","","","","","","","","","","","","","","","","","","","","","","","TRUE","TRUE","TRUE","","","","","","","","","TRUE","","","","","",""
"RedirecterPetUltiPoison","40","","","","","","","20","TRUE","TRUE","","","","400","","50","","","","","","","","","","","","","","","","","","","","","","","","","","","","TRUE","TRUE","TRUE","","","","","","","","","TRUE","","","","","",""
"RedirecterStarPowerSpawnPetOnTargetDeath","40","","","","","","","","","","TRUE","","","","","","","","","","","","","","","","","","","","","","","","","","","","","","","","","TRUE","TRUE","TRUE","","","","","","","RedirecterSnakePet","","TRUE","","","","","",""
"RedirecterProjectileMagnetStatus","100","","","","","","","","TRUE","","TRUE","","","","","","","","","","","","","","","","","","","","","","","","","","","","","","","","","","","","","","","","","","","","TRUE","","","","RedirecterProjectileMagnet_SteerStrength;RedirecterProjectileMagnet_SteerIgnoreTicks;RedirecterProjectileMagnet_SteerHomeDistance;RedirecterProjectileMagnet_OverrideTravelType","",""
"RedirecterPoisonTrailComponentStatus","80","","","","","","","","","","TRUE","","","","","","","","","","","","","","","","","","","","","","","","","","","","","","","","","","","TRUE","","","","","","","","","TRUE","","","","","RedirecterPoisonTrailComponent",""
"RedirecterPoisonTrailDamageStatus","40","","","","","","","20","","","TRUE","","","170","","50","","","","","","","","","","","","","","","","","","","","","","","","","","","","TRUE","TRUE","TRUE","","","","","","","","","TRUE","","","","","",""
"LeonBuddyInvisibilityStatusEffect","10","","TRUE","","","","","","","","TRUE","","","","","","","","","","15","","","","","","","","","","","","","","","","normal","","","","","","","","","","","","","","","","","","","CancelOnAttack","","","","",""
"BullDudeStompGadget","20","","","","","","","5","","","TRUE","","","","","","","","","","","","50","","","","","","","","","","","","","","","","","","","","","","","TRUE","","","","","","","","","","StunIfAlreadySlowed","","","","",""
"BullDudeGadget2","60","","","","","","","","","","TRUE","","","","","","","","","","30","","","","","","","","","","","","","","","","","","","","","","","","","","","","","","","","","","","","","","","",""
"BullGadget1Heal","2","","","","","","","","TRUE","","","","","","","","","","800","","","","","","","","","","","","","","","","","","","","","","","","","TRUE","TRUE","","","","","","","","","","","","TRUE","","","",""
"CrowPoisonGadget","40","","","","","","","20","","","TRUE","","","100","","30","","","","","","","30","","","","","","","","","","","","","","","","","","","","","TRUE","TRUE","TRUE","","","","","","","","","","","","","","",""
"MegaBossDragonCrowBurn","40","","","","","","","20","","","TRUE","","","100","","30","","","","","","","","","","","","","","","","","","","","","","","","","","","","TRUE","","TRUE","","","","","","","","","","","","","","",""
"MegaBossDragonCrowBurnStrong","60","","","","","","","20","","","TRUE","","","200","","30","","","","","","","","","","","","","","","","","","","","","","","","","","","","TRUE","","TRUE","","","","","","","","","","","","","","",""
"NinjaBuddySp1","10","","","","","","","10","","","TRUE","","","","","","","","","","","","","","15","TRUE","","","","","","","","","","","","","","","","","","","","","","","","","","","","","","NotForObjects","","","","",""
"BoulderStun","15","","","","","","","","","","TRUE","","","","","","","","","","","","","","","","","","","","","","","","","","","","TRUE","TRUE","","","","","","","","","","","","","","","","","","","","",""
"SlowdownModifierSpeedReduceCharacter","2","","","","","","","","TRUE","","TRUE","","","","","","","","","","","","","","","","","","","","","","","","","","","","","","","","","","","TRUE","","","","","","","","","","","","","","",""
"SlowdownModifierSpeedReduceProjectile","2","","","","","","","","TRUE","","TRUE","","","","","","","","","","","","70","","","","","","","","","","","","","","","","","","","","","","","TRUE","","","","","","","","","","","","","","",""
"SandstormModifierVision","2","","","","","","","","","","TRUE","","","","","","","","","","","","","","","","","","","","","","","","","","normal","","","","","","","","","","","","","","","","","","","HasStormVision","","","","",""
"CrowInstadotActivateEffect","30","","","","","","","","","","","","","","","","","","","","","","","","","","","","","","","","","","","","","","","","","","","","","","","","","","","","","","","","","","","",""
"CrowPoisonDaggerSlow","80","","","","","","","","","","TRUE","","","","","","","","","","","","","160","","","","","","","","","","","","","","","","","","","","","","TRUE","","","","","","","","","","","","","","",""
"ShadowSmashMinionSpeed","9999999","","","","","","","","","","","","","","","","","","","","","","18","","","","","","","","","","","","","","","","","","","","","","","","","","","","","","","","","","","","","",""
